-0.148308 , 0.198068 , 0.993232
-0.151231 , 0.200727 , 0.99644
-0.14896 , 0.198895 , 0.992235
-0.149595 , 0.19928 , 0.991315
-0.150671 , 0.198413 , 0.990893
-0.150013 , 0.199269 , 0.990286
-0.150279 , 0.199741 , 0.991122
-0.149971 , 0.198446 , 0.989575
-0.149592 , 0.199398 , 0.98911
-0.149621 , 0.199378 , 0.989294
-0.144048 , 0.197083 , 0.987205
-0.139416 , 0.192365 , 0.978561
-0.143414 , 0.19623 , 0.983595
-0.142617 , 0.196086 , 0.985281
-0.142556 , 0.195719 , 0.986212
-0.176519 , 0.231553 , 1.06898
-0.134152 , 0.190135 , 1.01963
-0.138779 , 0.192241 , 1.00385
-0.140148 , 0.194805 , 0.99515
-0.141718 , 0.194541 , 0.990319
-0.135617 , 0.191244 , 0.979407
-0.134943 , 0.191056 , 0.979193
-0.134454 , 0.192302 , 0.979545
-0.134474 , 0.191367 , 0.979376
-0.134457 , 0.191355 , 0.979453
-0.168118 , 0.226679 , 1.06367
-0.126186 , 0.184743 , 1.01316
-0.130635 , 0.187992 , 0.996829
-0.132118 , 0.188868 , 0.986309
-0.133324 , 0.189563 , 0.980848
-0.128252 , 0.187471 , 0.974385
-0.127615 , 0.185545 , 0.971288
-0.157543 , 0.218526 , 1.04652
-0.121582 , 0.182732 , 1.00607
-0.123305 , 0.183354 , 0.988444
-0.123045 , 0.182053 , 0.974722
-0.126277 , 0.185528 , 0.972323
-0.128213 , 0.186488 , 0.974273
-0.127744 , 0.187249 , 0.975941
-0.124271 , 0.183675 , 0.968576
-0.119037 , 0.180211 , 0.96655
-0.120697 , 0.181894 , 0.969996
-0.119335 , 0.180895 , 0.969872
-0.120284 , 0.182794 , 0.973172
-0.119151 , 0.181222 , 0.971612
-0.119062 , 0.180474 , 0.970413
-0.117164 , 0.178019 , 0.96486
-0.11983 , 0.181314 , 0.968816
-0.119532 , 0.181097 , 0.97014
-0.119376 , 0.180983 , 0.970837
-0.103484 , 0.167808 , 0.996484
-0.109317 , 0.172485 , 0.981081
-0.109236 , 0.172558 , 0.969151
-0.113933 , 0.176532 , 0.970928
-0.110943 , 0.172903 , 0.96409
-0.145924 , 0.21104 , 1.05003
-0.103892 , 0.168052 , 0.997365
-0.137234 , 0.205653 , 1.05725
-0.105133 , 0.169664 , 1.00641
-0.108905 , 0.1716 , 0.985105
-0.105858 , 0.167915 , 0.955334
-0.105618 , 0.166709 , 0.951987
-0.107021 , 0.169155 , 0.956329
-0.107321 , 0.16951 , 0.960628
-0.105734 , 0.168039 , 0.960018
-0.105263 , 0.167124 , 0.95867
-0.135269 , 0.202146 , 1.0411
-0.0982539 , 0.164069 , 0.995469
-0.101233 , 0.16519 , 0.977378
-0.10506 , 0.167903 , 0.971577
-0.0999754 , 0.161252 , 0.956117
-0.100581 , 0.162549 , 0.957561
-0.0996466 , 0.161318 , 0.956612
-0.128152 , 0.195518 , 1.03727
-0.0920457 , 0.155302 , 0.98938
-0.0943132 , 0.157102 , 0.969393
-0.0980785 , 0.160396 , 0.963629
-0.100988 , 0.163235 , 0.965367
-0.098419 , 0.159352 , 0.957035
-0.0981055 , 0.159871 , 0.952542
-0.0939942 , 0.153617 , 0.953558
-0.0934948 , 0.152598 , 0.95122
-0.0935197 , 0.153564 , 0.95193
-0.0934593 , 0.153521 , 0.952198
-0.0934185 , 0.153491 , 0.952379
-0.0928698 , 0.152452 , 0.950185
-0.0930723 , 0.1526 , 0.949285
-0.0957998 , 0.156365 , 0.956658
-0.0941926 , 0.154589 , 0.957558
-0.0933138 , 0.153816 , 0.956504
-0.0849421 , 0.143776 , 0.964511
-0.0872132 , 0.144968 , 0.9533
-0.0882115 , 0.144657 , 0.946212
-0.0895367 , 0.146257 , 0.945376
-0.0895682 , 0.14628 , 0.945237
-0.0908559 , 0.14912 , 0.951887
-0.088133 , 0.144137 , 0.945434
-0.0888713 , 0.146258 , 0.946941
-0.0877868 , 0.14495 , 0.943833
-0.0897131 , 0.147201 , 0.948135
-0.0834665 , 0.137052 , 0.94338
-0.105632 , 0.163716 , 1.00928
-0.0785373 , 0.133449 , 0.971484
-0.0825001 , 0.138195 , 0.963784
-0.0822116 , 0.136608 , 0.954244
-0.0821512 , 0.135891 , 0.94594
-0.0841145 , 0.137782 , 0.945037
-0.0839394 , 0.138112 , 0.943977
-0.0847355 , 0.139203 , 0.945985
-0.0841568 , 0.137813 , 0.944849
-0.080843 , 0.131785 , 0.946989
-0.0797281 , 0.129823 , 0.94412
-0.0807162 , 0.130734 , 0.945657
-0.0804886 , 0.130324 , 0.94638
-0.0813801 , 0.131566 , 0.950261
-0.0789888 , 0.128603 , 0.944881
-0.0809321 , 0.131328 , 0.949671
-0.0790456 , 0.128645 , 0.944628
-0.0802723 , 0.129939 , 0.945894
-0.0811729 , 0.13119 , 0.949774
-0.0774208 , 0.123685 , 0.949091
-0.0770404 , 0.122622 , 0.949277
-0.0764676 , 0.122789 , 0.950024
-0.074955 , 0.119746 , 0.943281
-0.0762437 , 0.121536 , 0.943801
-0.0753026 , 0.120476 , 0.941015
-0.0764992 , 0.121723 , 0.942665
-0.0754074 , 0.120351 , 0.939838
-0.0765466 , 0.121908 , 0.94253
-0.0769892 , 0.122384 , 0.946208
-0.0519598 , 0.136588 , 1.03229
-0.0510058 , 0.134042 , 1.02994
-0.0511519 , 0.134262 , 1.02831
-0.0520817 , 0.135328 , 1.02933
-0.0512792 , 0.134469 , 1.02678
-0.0515668 , 0.134679 , 1.0255
-0.0517486 , 0.134812 , 1.0247
-0.051867 , 0.134898 , 1.02417
-0.0520591 , 0.134924 , 1.02428
-0.052062 , 0.134926 , 1.02427
-0.0525498 , 0.136274 , 1.02077
-0.0546562 , 0.136313 , 1.02144
-0.0550493 , 0.136311 , 1.02179
-0.0543556 , 0.136201 , 1.02158
-0.0544731 , 0.135619 , 1.0199
-0.0546247 , 0.136473 , 1.02143
-0.0552836 , 0.137243 , 1.02488
-0.0524798 , 0.133759 , 1.016
-0.0538015 , 0.136798 , 1.01839
-0.0543903 , 0.136327 , 1.02011
-0.055294 , 0.13616 , 1.01464
-0.056805 , 0.136057 , 1.01408
-0.0566738 , 0.137274 , 1.01601
-0.0560637 , 0.136174 , 1.01457
-0.055134 , 0.135667 , 1.0111
-0.0557566 , 0.135872 , 1.01009
-0.0564079 , 0.136891 , 1.01188
-0.0559571 , 0.13575 , 1.01072
-0.0557724 , 0.135883 , 1.01002
-0.0570465 , 0.136383 , 1.01237
-0.0584565 , 0.136234 , 1.00668
-0.0565384 , 0.133861 , 0.999566
-0.0588401 , 0.136998 , 1.00375
-0.0579516 , 0.135636 , 1.00311
-0.0579158 , 0.13593 , 1.00288
-0.0590231 , 0.13489 , 1.00258
-0.0596978 , 0.135975 , 1.00516
-0.0582265 , 0.135686 , 1.00368
-0.0583846 , 0.135483 , 1.00337
-0.0590405 , 0.136548 , 1.00588
-0.0596196 , 0.135431 , 0.998972
-0.0602058 , 0.136289 , 0.999882
-0.05983 , 0.134268 , 0.996605
-0.0608173 , 0.134341 , 0.994391
-0.0601929 , 0.135213 , 0.99353
-0.0607573 , 0.134135 , 0.99211
-0.0612436 , 0.135919 , 0.995389
-0.0609223 , 0.134833 , 0.994522
-0.0609794 , 0.134875 , 0.994268
-0.0602059 , 0.134254 , 0.993208
-0.0619942 , 0.13435 , 0.988387
-0.0621108 , 0.134678 , 0.988639
-0.0629073 , 0.135608 , 0.992227
-0.0628537 , 0.135682 , 0.99437
-0.0620325 , 0.133507 , 0.990065
-0.0629742 , 0.135532 , 0.99275
-0.0623538 , 0.134319 , 0.990797
-0.0627586 , 0.132981 , 0.987854
-0.062805 , 0.134212 , 0.987831
-0.0628116 , 0.134217 , 0.987801
-0.0649542 , 0.134268 , 0.984829
-0.0639382 , 0.132408 , 0.980623
-0.0648352 , 0.132589 , 0.979218
-0.0648004 , 0.132042 , 0.977013
-0.0650136 , 0.132198 , 0.976066
-0.0649928 , 0.133444 , 0.977497
-0.0649485 , 0.132151 , 0.976354
-0.0649228 , 0.133393 , 0.977808
-0.0648818 , 0.132102 , 0.97665
-0.0649736 , 0.132168 , 0.976243
-0.0664413 , 0.132143 , 0.980611
-0.0670707 , 0.130839 , 0.977336
-0.0675097 , 0.132669 , 0.978298
-0.0667995 , 0.131234 , 0.976571
-0.0666121 , 0.13001 , 0.972029
-0.06721 , 0.130738 , 0.971114
-0.0673195 , 0.130819 , 0.970627
-0.0673878 , 0.132189 , 0.972789
-0.0671281 , 0.130679 , 0.971477
-0.0672285 , 0.130752 , 0.971032
-0.0871248 , 0.154774 , 1.07097
-0.0589897 , 0.12151 , 1.01106
-0.0625973 , 0.123385 , 0.980315
-0.0671386 , 0.127973 , 0.970978
-0.0909102 , 0.155732 , 1.03784
-0.0846951 , 0.152398 , 1.06901
-0.0806964 , 0.150107 , 1.08239
-0.0576738 , 0.120717 , 1.01631
-0.063574 , 0.124782 , 0.986534
-0.0898567 , 0.156587 , 1.04801
-0.0714301 , 0.126259 , 0.95007
-0.0733256 , 0.129266 , 0.956312
-0.0712829 , 0.125893 , 0.951626
-0.0739801 , 0.128685 , 0.957372
-0.0717667 , 0.127794 , 0.95767
-0.0914845 , 0.151656 , 1.02103
-0.087623 , 0.149655 , 1.05535
-0.0617291 , 0.120467 , 1.00229
-0.0890689 , 0.15199 , 1.05469
-0.0828634 , 0.146195 , 1.06708
-0.065033 , 0.117083 , 0.983031
-0.0708333 , 0.122767 , 0.963681
-0.0726207 , 0.123796 , 0.953203
-0.0748498 , 0.12629 , 0.952817
-0.095634 , 0.148553 , 1.01372
-0.0667942 , 0.118591 , 0.969682
-0.070621 , 0.120856 , 0.952703
-0.0726022 , 0.122302 , 0.9439
-0.0745595 , 0.124058 , 0.943775
-0.0735237 , 0.122975 , 0.939806
-0.0720763 , 0.119053 , 0.954271
-0.075394 , 0.122229 , 0.953449
-0.0978661 , 0.146985 , 1.01907
-0.0694985 , 0.117492 , 0.980059
-0.0722352 , 0.119218 , 0.96341
-0.0733153 , 0.119471 , 0.951382
-0.0741323 , 0.11867 , 0.94155
-0.0766303 , 0.122635 , 0.944686
-0.0763422 , 0.122217 , 0.94516
-0.0753371 , 0.120947 , 0.942398
-0.0780749 , 0.120076 , 0.945576
-0.0782256 , 0.119018 , 0.945991
-0.0781585 , 0.118969 , 0.94629
-0.100854 , 0.144685 , 1.01611
-0.0708657 , 0.113049 , 0.9732
-0.0726123 , 0.113809 , 0.951511
-0.0769089 , 0.117461 , 0.946326
-0.0780385 , 0.117848 , 0.94267
-0.0780598 , 0.118301 , 0.941214
-0.0781234 , 0.118506 , 0.94083
-0.0523039 , 0.122074 , 0.973156
-0.0523386 , 0.122099 , 0.973003
-0.0523537 , 0.12211 , 0.972936
-0.05236 , 0.122115 , 0.972908
-0.0523619 , 0.122116 , 0.972899
-0.0531743 , 0.123081 , 0.975822
-0.052081 , 0.121911 , 0.974148
-0.0530383 , 0.122982 , 0.976426
-0.0525272 , 0.122573 , 0.975926
-0.0520763 , 0.121908 , 0.974169
-0.0558068 , 0.122944 , 0.975262
-0.0550531 , 0.121981 , 0.973792
-0.0551665 , 0.122064 , 0.973288
-0.0552384 , 0.122116 , 0.972968
-0.0552708 , 0.12214 , 0.972824
-0.0552705 , 0.12214 , 0.972825
-0.0553003 , 0.122161 , 0.972693
-0.0552757 , 0.122143 , 0.972802
-0.0552649 , 0.122136 , 0.97285
-0.0552618 , 0.122133 , 0.972864
-0.0586456 , 0.122231 , 0.969853
-0.0569773 , 0.119963 , 0.963954
-0.059587 , 0.120777 , 0.961698
-0.059835 , 0.122575 , 0.967785
-0.059362 , 0.12223 , 0.969887
-0.0590217 , 0.122252 , 0.972206
-0.0588341 , 0.121845 , 0.972233
-0.0588609 , 0.121864 , 0.972113
-0.0588043 , 0.121823 , 0.972365
-0.057708 , 0.118901 , 0.964045
-0.061382 , 0.120186 , 0.960321
-0.0625876 , 0.121496 , 0.962789
-0.062279 , 0.119114 , 0.9588
-0.0626013 , 0.119531 , 0.957583
-0.0623343 , 0.119772 , 0.957222
-0.0619982 , 0.118574 , 0.953989
-0.0639618 , 0.120822 , 0.958844
-0.0634835 , 0.120473 , 0.960971
-0.0623696 , 0.119362 , 0.958614
-0.0634411 , 0.120442 , 0.961158
-0.0652031 , 0.118172 , 0.953379
-0.0671035 , 0.11956 , 0.954522
-0.0666356 , 0.119663 , 0.955178
-0.0657011 , 0.118648 , 0.953064
-0.0663325 , 0.118483 , 0.951492
-0.0659356 , 0.117527 , 0.947767
-0.0677261 , 0.120022 , 0.952237
-0.0661484 , 0.11881 , 0.951585
-0.0656817 , 0.11777 , 0.947969
-0.0655084 , 0.116947 , 0.94237
-0.0695998 , 0.116753 , 0.941094
-0.0703466 , 0.11685 , 0.938998
-0.0723674 , 0.11913 , 0.944719
-0.0711072 , 0.117832 , 0.943835
-0.0715371 , 0.117705 , 0.943286
-0.0711992 , 0.117899 , 0.943426
-0.071556 , 0.117719 , 0.943201
-0.0711927 , 0.117895 , 0.943454
-0.0715399 , 0.117707 , 0.943273
-0.0703892 , 0.116822 , 0.940685
-0.0750378 , 0.116748 , 0.938424
-0.0761818 , 0.117958 , 0.940645
-0.078272 , 0.119627 , 0.947478
-0.0751488 , 0.116323 , 0.941025
-0.0766501 , 0.117633 , 0.941792
-0.0766186 , 0.11761 , 0.941933
-0.0769858 , 0.11744 , 0.941661
-0.0766306 , 0.117619 , 0.94188
-0.076984 , 0.117439 , 0.941668
-0.0766225 , 0.117613 , 0.941916
-0.0815072 , 0.1172 , 0.941251
-0.0818 , 0.11801 , 0.941223
-0.0814197 , 0.116271 , 0.937142
-0.0810775 , 0.115725 , 0.932328
-0.0832524 , 0.117786 , 0.936366
-0.0829028 , 0.117854 , 0.938203
-0.0828918 , 0.118127 , 0.939435
-0.081785 , 0.116417 , 0.936511
-0.0831707 , 0.117296 , 0.938161
-0.0819091 , 0.116507 , 0.93596